print cost mapA
6       6       6       7       8       9       10      10
5       5       5       6       7       8       9       9
5       5       -1      5       -1      -1      -1      -1
4       4       -1      4       5       5       6       7
4       3       -1      3       4       4       5       6
3       2       1       2       3       4       5       6
2       1       0       1       2       3       4       5
3       2       1       2       3       4       5       6
const mapB
5       5       5       5       4       3       2       1
4       4       4       4       3       2       1       0
5       5       -1      5       -1      -1      -1      -1
5       6       -1      6       7       8       9       10
6       7       -1      7       8       8       9       10
7       8       9       8       9       9       10      11
8       9       9       9       10      10      11      12
9       10      10      10      11      11      12      13
print cost mapC
2       2       2       3       4       5       6       6
1       1       1       2       3       4       5       5
1       2       -1      3       -1      -1      -1      -1
0       1       -1      4       5       6       7       8
1       2       -1      5       6       6       7       8
2       3       4       5       6       7       8       9
3       4       4       5       6       7       8       9
4       5       5       6       7       8       9       10
print cost mapD
6       6       6       6       7       8       9       9
5       5       5       5       6       7       8       8
6       6       -1      4       -1      -1      -1      -1
6       7       -1      3       2       1       2       3
7       6       -1      2       1       0       1       2
6       5       4       3       2       1       2       3
6       5       4       4       3       2       3       4
7       6       5       5       4       3       4       5
cost_map AB
10      10      10      11      11      11      11      10
9       9       9       9       9       9       9       9
9       9       -3      9       -3      -3      -3      -3
9       9       -3      9       11      12      14      16
9       9       -3      9       11      12      13      15
9       9       9       9       11      12      14      16
9       9       9       9       11      12      14      16
11      11      10      11      13      14      16      18

cost_map ABC
11      11      11      13      14      15      16      15
10      10      10      10      11      12      13      14
9       10      -5      11      -5      -5      -5      -5
9       9       -5      12      15      17      20      23
9       10      -5      13      16      18      19      22
10      11      12      13      16      18      21      24
11      12      13      13      16      18      21      24
14      15      14      16      19      21      24      27
cost_map ABC recaculate
10      10      10      10      10      10      10      10
9       9       9       9       9       9       9       9
9       10      -5      10      -5      -5      -5      -5
9       9       -5      10      11      17      20      23
9       9      -5       10      11      18      19      22
9       9       9       10      11      18      21      24
10      10      9       10      11      18      21      24
14      15      10      16      19      21      24      27
